0.0000000000000000e+00 -3.2177482855458059e-08
4.0000000000000000e+01 -3.2177482855458032e-08
1.0040000000000000e+04 -3.2177482855458045e-08
2.0040000000000000e+04 -3.2177482855458026e-08
3.0040000000000000e+04 -3.2177482855458045e-08
4.0040000000000000e+04 -3.2177482855458052e-08
5.0040000000000000e+04 -3.2177482855458039e-08
6.0040000000000000e+04 -3.2177482855458039e-08
7.0040000000000000e+04 -3.2177482855458045e-08
8.0040000000000000e+04 -3.2177482855458039e-08
9.0040000000000000e+04 -3.2177482855458012e-08
1.0004000000000000e+05 -3.2177482855458045e-08
1.1004000000000000e+05 -3.2177482855458039e-08
1.2004000000000000e+05 -3.2177482855458059e-08
1.3004000000000000e+05 -3.2177482855458032e-08
1.4004000000000000e+05 -3.2177482855458052e-08
1.5004000000000000e+05 -3.2177482855458039e-08
1.6004000000000000e+05 -3.2177482855458032e-08
1.7004000000000000e+05 -3.2177482855458045e-08
1.8004000000000000e+05 -3.2177482855458052e-08
1.9004000000000000e+05 -3.2177482855458045e-08
2.0004000000000000e+05 -3.2177482855458045e-08
2.1004000000000000e+05 -3.2177482855458012e-08
2.2004000000000000e+05 -3.2177482855458019e-08
2.3004000000000000e+05 -3.2177482855458045e-08
2.4004000000000000e+05 -3.2177482855458032e-08
2.5004000000000000e+05 -3.2177482855458039e-08
2.6004000000000000e+05 -3.2177482855458026e-08
2.7004000000000000e+05 -3.2177482855458039e-08
2.8004000000000000e+05 -3.2177482855458052e-08
2.9004000000000000e+05 -3.2177482855458032e-08
3.0004000000000000e+05 -3.2177482855458045e-08
3.1004000000000000e+05 -3.2177482855458045e-08
3.2004000000000000e+05 -3.2177482855458006e-08
3.3004000000000000e+05 -3.2177482855458032e-08
3.4004000000000000e+05 -3.2177482855458045e-08
3.5004000000000000e+05 -3.2177482855458039e-08
3.6004000000000000e+05 -3.2177482855458052e-08
3.7004000000000000e+05 -3.2177482855458059e-08
3.8004000000000000e+05 -3.2177482855458026e-08
3.9004000000000000e+05 -3.2177482855458039e-08
4.0004000000000000e+05 -3.2177482855458039e-08
4.1004000000000000e+05 -3.2177482855458032e-08
4.2004000000000000e+05 -3.2177482855458026e-08
4.3004000000000000e+05 -3.2177482855458026e-08
4.4004000000000000e+05 -3.2177482855458045e-08
4.5004000000000000e+05 -3.2177482855458039e-08
4.6004000000000000e+05 -3.2177482855458039e-08
4.7004000000000000e+05 -3.2177482855458032e-08
4.8004000000000000e+05 -3.2177482855458032e-08
4.9004000000000000e+05 -3.2177482855458026e-08
5.0004000000000000e+05 -3.2177482855458026e-08
5.1004000000000000e+05 -3.2177482855458039e-08
5.2004000000000000e+05 -3.2177482855458059e-08
5.3004000000000000e+05 -3.2177482855458026e-08
5.4004000000000000e+05 -3.2177482855458045e-08
5.5004000000000000e+05 -3.2177482855458032e-08
5.6004000000000000e+05 -3.2177482855458052e-08
5.7004000000000000e+05 -3.2177482855458045e-08
5.8004000000000000e+05 -3.2177482855458052e-08
5.9004000000000000e+05 -3.2177482855458039e-08
6.0004000000000000e+05 -3.2177482855458045e-08
6.1004000000000000e+05 -3.2177482855458026e-08
6.2004000000000000e+05 -3.2177482855458039e-08
6.3004000000000000e+05 -3.2177482855458045e-08
6.4004000000000000e+05 -3.2177482855458032e-08
6.5004000000000000e+05 -3.2177482855458052e-08
6.6004000000000000e+05 -3.2177482855458059e-08
6.7004000000000000e+05 -3.2177482855458045e-08
6.8004000000000000e+05 -3.2177482855458039e-08
6.9004000000000000e+05 -3.2177482855458032e-08
7.0004000000000000e+05 -3.2177482855458039e-08
7.1004000000000000e+05 -3.2177482855458032e-08
7.2004000000000000e+05 -3.2177482855458039e-08
7.3004000000000000e+05 -3.2177482855458065e-08
7.4004000000000000e+05 -3.2177482855458045e-08
7.5004000000000000e+05 -3.2177482855458032e-08
7.6004000000000000e+05 -3.2177482855458026e-08
7.7004000000000000e+05 -3.2177482855458032e-08
7.8004000000000000e+05 -3.2177482855458039e-08
7.9004000000000000e+05 -3.2177482855458019e-08
8.0004000000000000e+05 -3.2177482855458045e-08
8.1004000000000000e+05 -3.2177482855458026e-08
8.2004000000000000e+05 -3.2177482855458032e-08
8.3004000000000000e+05 -3.2177482855458039e-08
8.4004000000000000e+05 -3.2177482855457999e-08
8.5004000000000000e+05 -3.2177482855458032e-08
8.6004000000000000e+05 -3.2177482855458012e-08
8.7004000000000000e+05 -3.2177482855458045e-08
8.8004000000000000e+05 -3.2177482855458019e-08
8.9004000000000000e+05 -3.2177482855458032e-08
9.0004000000000000e+05 -3.2177482855458039e-08
9.1004000000000000e+05 -3.2177482855458026e-08
9.2004000000000000e+05 -3.2177482855458032e-08
9.3004000000000000e+05 -3.2177482855458045e-08
9.4004000000000000e+05 -3.2177482855458052e-08
9.5004000000000000e+05 -3.2177482855458052e-08
9.6004000000000000e+05 -3.2177482855458026e-08
9.7004000000000000e+05 -3.2177482855458065e-08
9.8004000000000000e+05 -3.2177482855458045e-08
9.9004000000000000e+05 -3.2177482855458032e-08
1.0000400000000000e+06 -3.2177482855458045e-08
1.0100400000000000e+06 -3.2177482855458032e-08
1.0200400000000000e+06 -3.2177482855458052e-08
1.0300400000000000e+06 -3.2177482855458052e-08
1.0400400000000000e+06 -3.2177482855458045e-08
1.0500400000000000e+06 -3.2177482855458052e-08
1.0600400000000000e+06 -3.2177482855458072e-08
1.0700400000000000e+06 -3.2177482855458059e-08
1.0800400000000000e+06 -3.2177482855458065e-08
1.0900400000000000e+06 -3.2177482855458059e-08
1.1000400000000000e+06 -3.2177482855458065e-08
1.1100400000000000e+06 -3.2177482855458072e-08
1.1200400000000000e+06 -3.2177482855458072e-08
1.1300400000000000e+06 -3.2177482855458079e-08
1.1400400000000000e+06 -3.2177482855458059e-08
1.1500400000000000e+06 -3.2177482855458072e-08
1.1600400000000000e+06 -3.2177482855458045e-08
1.1700400000000000e+06 -3.2177482855458059e-08
1.1800400000000000e+06 -3.2177482855458052e-08
1.1900400000000000e+06 -3.2177482855458052e-08
1.2000400000000000e+06 -3.2177482855458072e-08
1.2100400000000000e+06 -3.2177482855458045e-08
1.2200400000000000e+06 -3.2177482855458045e-08
1.2300400000000000e+06 -3.2177482855458039e-08
1.2400400000000000e+06 -3.2177482855458065e-08
1.2500400000000000e+06 -3.2177482855458065e-08
1.2600400000000000e+06 -3.2177482855458052e-08
1.2700400000000000e+06 -3.2177482855458065e-08
1.2800400000000000e+06 -3.2177482855458072e-08
1.2900400000000000e+06 -3.2177482855458085e-08
1.3000400000000000e+06 -3.2177482855458065e-08
1.3100400000000000e+06 -3.2177482855458072e-08
1.3200400000000000e+06 -3.2177482855458045e-08
1.3300400000000000e+06 -3.2177482855458052e-08
1.3400400000000000e+06 -3.2177482855458072e-08
1.3500400000000000e+06 -3.2177482855458059e-08
1.3600400000000000e+06 -3.2177482855458039e-08
1.3700400000000000e+06 -3.2177482855458039e-08
1.3800400000000000e+06 -3.2177482855458039e-08
1.3900400000000000e+06 -3.2177482855458052e-08
1.4000400000000000e+06 -3.2177482855458019e-08
1.4100400000000000e+06 -3.2177482855458065e-08
1.4200400000000000e+06 -3.2177482855458065e-08
1.4300400000000000e+06 -3.2177482855458045e-08
1.4400400000000000e+06 -3.2177482855458039e-08
1.4500400000000000e+06 -3.2177482855458019e-08
1.4600400000000000e+06 -3.2177482855458026e-08
1.4700400000000000e+06 -3.2177482855457999e-08
1.4800400000000000e+06 -3.2177482855458012e-08
1.4900400000000000e+06 -3.2177482855458026e-08
1.5000400000000000e+06 -3.2177482855458059e-08
1.5100400000000000e+06 -3.2177482855458039e-08
1.5200400000000000e+06 -3.2177482855458065e-08
1.5300400000000000e+06 -3.2177482855458012e-08
1.5400400000000000e+06 -3.2177482855458012e-08
1.5500400000000000e+06 -3.2177482855458032e-08
1.5600400000000000e+06 -3.2177482855458026e-08
1.5700400000000000e+06 -3.2177482855458012e-08
1.5800400000000000e+06 -3.2177482855458032e-08
1.5900400000000000e+06 -3.2177482855458019e-08
1.6000400000000000e+06 -3.2177482855458026e-08
1.6100400000000000e+06 -3.2177482855458012e-08
1.6200400000000000e+06 -3.2177482855458052e-08
1.6300400000000000e+06 -3.2177482855458039e-08
1.6400400000000000e+06 -3.2177482855458019e-08
1.6500400000000000e+06 -3.2177482855458026e-08
1.6600400000000000e+06 -3.2177482855458019e-08
1.6700400000000000e+06 -3.2177482855457993e-08
1.6800400000000000e+06 -3.2177482855458012e-08
1.6900400000000000e+06 -3.2177482855458006e-08
1.7000400000000000e+06 -3.2177482855458019e-08
1.7100400000000000e+06 -3.2177482855458012e-08
1.7200400000000000e+06 -3.2177482855458039e-08
1.7300400000000000e+06 -3.2177482855458032e-08
1.7400400000000000e+06 -3.2177482855458032e-08
1.7500400000000000e+06 -3.2177482855457999e-08
1.7600400000000000e+06 -3.2177482855458032e-08
1.7700400000000000e+06 -3.2177482855458019e-08
1.7800400000000000e+06 -3.2177482855457999e-08
1.7900400000000000e+06 -3.2177482855458012e-08
1.8000400000000000e+06 -3.2177482855458026e-08
1.8100400000000000e+06 -3.2177482855458006e-08
1.8200400000000000e+06 -3.2177482855457986e-08
1.8300400000000000e+06 -3.2177482855457986e-08
1.8400400000000000e+06 -3.2177482855458012e-08
1.8500400000000000e+06 -3.2177482855457993e-08
1.8600400000000000e+06 -3.2177482855458019e-08
1.8700400000000000e+06 -3.2177482855458006e-08
1.8800400000000000e+06 -3.2177482855458026e-08
1.8900400000000000e+06 -3.2177482855457999e-08
1.9000400000000000e+06 -3.2177482855457999e-08
1.9100400000000000e+06 -3.2177482855457993e-08
1.9200400000000000e+06 -3.2177482855458019e-08
1.9300400000000000e+06 -3.2177482855457999e-08
1.9400400000000000e+06 -3.2177482855458019e-08
1.9500400000000000e+06 -3.2177482855457993e-08
1.9600400000000000e+06 -3.2177482855458032e-08
1.9700400000000000e+06 -3.2177482855458006e-08
1.9800400000000000e+06 -3.2177482855458019e-08
1.9900400000000000e+06 -3.2177482855458006e-08
2.0000400000000000e+06 -3.2177482855458032e-08
2.0100400000000000e+06 -3.2177482855458012e-08
2.0200400000000000e+06 -3.2177482855458032e-08
2.0300400000000000e+06 -3.2177482855458026e-08
2.0400400000000000e+06 -3.2177482855458012e-08
2.0500400000000000e+06 -3.2177482855458019e-08
2.0600400000000000e+06 -3.2177482855458012e-08
2.0700400000000000e+06 -3.2177482855458032e-08
2.0800400000000000e+06 -3.2177482855458039e-08
2.0900400000000000e+06 -3.2177482855457999e-08
2.1000400000000000e+06 -3.2177482855458019e-08
2.1100400000000000e+06 -3.2177482855458006e-08
2.1200400000000000e+06 -3.2177482855457993e-08
2.1300400000000000e+06 -3.2177482855458012e-08
2.1400400000000000e+06 -3.2177482855458012e-08
2.1500400000000000e+06 -3.2177482855458012e-08
2.1600400000000000e+06 -3.2177482855457999e-08
2.1700400000000000e+06 -3.2177482855458019e-08
2.1800400000000000e+06 -3.2177482855457986e-08
2.1900400000000000e+06 -3.2177482855458006e-08
2.2000400000000000e+06 -3.2177482855457993e-08
2.2100400000000000e+06 -3.2177482855457986e-08
2.2200400000000000e+06 -3.2177482855457966e-08
2.2300400000000000e+06 -3.2177482855458006e-08
2.2400400000000000e+06 -3.2177482855457993e-08
2.2500400000000000e+06 -3.2177482855457999e-08
2.2600400000000000e+06 -3.2177482855457993e-08
2.2700400000000000e+06 -3.2177482855457986e-08
2.2800400000000000e+06 -3.2177482855457986e-08
2.2900400000000000e+06 -3.2177482855457999e-08
2.3000400000000000e+06 -3.2177482855457986e-08
2.3100400000000000e+06 -3.2177482855457993e-08
2.3200400000000000e+06 -3.2177482855457999e-08
2.3300400000000000e+06 -3.2177482855457999e-08
2.3400400000000000e+06 -3.2177482855457986e-08
2.3500400000000000e+06 -3.2177482855457993e-08
2.3600400000000000e+06 -3.2177482855457993e-08
2.3700400000000000e+06 -3.2177482855458012e-08
2.3800400000000000e+06 -3.2177482855457986e-08
2.3900400000000000e+06 -3.2177482855457986e-08
2.4000400000000000e+06 -3.2177482855457979e-08
2.4100400000000000e+06 -3.2177482855457999e-08
2.4200400000000000e+06 -3.2177482855457986e-08
2.4300400000000000e+06 -3.2177482855457999e-08
2.4400400000000000e+06 -3.2177482855457999e-08
2.4500400000000000e+06 -3.2177482855458006e-08
2.4600400000000000e+06 -3.2177482855457986e-08
2.4700400000000000e+06 -3.2177482855458006e-08
2.4800400000000000e+06 -3.2177482855458012e-08
2.4900400000000000e+06 -3.2177482855457986e-08
2.5000400000000000e+06 -3.2177482855457979e-08
2.5100400000000000e+06 -3.2177482855457999e-08
2.5200400000000000e+06 -3.2177482855457986e-08
2.5300400000000000e+06 -3.2177482855458012e-08
2.5400400000000000e+06 -3.2177482855457986e-08
2.5500400000000000e+06 -3.2177482855458019e-08
2.5600400000000000e+06 -3.2177482855458019e-08
2.5700400000000000e+06 -3.2177482855457966e-08
2.5800400000000000e+06 -3.2177482855458006e-08
2.5900400000000000e+06 -3.2177482855457999e-08
2.6000400000000000e+06 -3.2177482855457993e-08
2.6100400000000000e+06 -3.2177482855457993e-08
2.6200400000000000e+06 -3.2177482855457973e-08
2.6300400000000000e+06 -3.2177482855457993e-08
2.6400400000000000e+06 -3.2177482855458006e-08
2.6500400000000000e+06 -3.2177482855458012e-08
2.6600400000000000e+06 -3.2177482855457973e-08
2.6700400000000000e+06 -3.2177482855457999e-08
2.6800400000000000e+06 -3.2177482855458006e-08
2.6900400000000000e+06 -3.2177482855457999e-08
2.7000400000000000e+06 -3.2177482855458026e-08
2.7100400000000000e+06 -3.2177482855457999e-08
2.7200400000000000e+06 -3.2177482855457993e-08
2.7300400000000000e+06 -3.2177482855458026e-08
2.7400400000000000e+06 -3.2177482855457979e-08
2.7500400000000000e+06 -3.2177482855457979e-08
2.7600400000000000e+06 -3.2177482855457986e-08
2.7700400000000000e+06 -3.2177482855457999e-08
2.7800400000000000e+06 -3.2177482855457986e-08
2.7900400000000000e+06 -3.2177482855457986e-08
2.8000400000000000e+06 -3.2177482855457993e-08
2.8100400000000000e+06 -3.2177482855457986e-08
2.8200400000000000e+06 -3.2177482855457979e-08
2.8300400000000000e+06 -3.2177482855457979e-08
2.8400400000000000e+06 -3.2177482855457973e-08
2.8500400000000000e+06 -3.2177482855457993e-08
2.8600400000000000e+06 -3.2177482855457999e-08
2.8700400000000000e+06 -3.2177482855457973e-08
2.8800400000000000e+06 -3.2177482855457979e-08
2.8900400000000000e+06 -3.2177482855457986e-08
2.9000400000000000e+06 -3.2177482855458012e-08
2.9100400000000000e+06 -3.2177482855458019e-08
2.9200400000000000e+06 -3.2177482855457986e-08
2.9300400000000000e+06 -3.2177482855458012e-08
2.9400400000000000e+06 -3.2177482855457993e-08
2.9500400000000000e+06 -3.2177482855457979e-08
2.9600400000000000e+06 -3.2177482855457999e-08
2.9700400000000000e+06 -3.2177482855457993e-08
2.9800400000000000e+06 -3.2177482855458006e-08
2.9900400000000000e+06 -3.2177482855458006e-08
3.0000400000000000e+06 -3.2177482855457986e-08
3.0100400000000000e+06 -3.2177482855457986e-08
3.0200400000000000e+06 -3.2177482855457979e-08
3.0300400000000000e+06 -3.2177482855457979e-08
3.0400400000000000e+06 -3.2177482855458006e-08
3.0500400000000000e+06 -3.2177482855457986e-08
3.0600400000000000e+06 -3.2177482855457986e-08
3.0700400000000000e+06 -3.2177482855457979e-08
3.0800400000000000e+06 -3.2177482855458006e-08
3.0900400000000000e+06 -3.2177482855457973e-08
3.1000400000000000e+06 -3.2177482855458012e-08
3.1100400000000000e+06 -3.2177482855458006e-08
3.1200400000000000e+06 -3.2177482855457999e-08
3.1300400000000000e+06 -3.2177482855458006e-08
3.1400400000000000e+06 -3.2177482855458012e-08
3.1500400000000000e+06 -3.2177482855458012e-08
3.1600400000000000e+06 -3.2177482855457999e-08
3.1700400000000000e+06 -3.2177482855457986e-08
3.1800400000000000e+06 -3.2177482855458012e-08
3.1900400000000000e+06 -3.2177482855457979e-08
3.2000400000000000e+06 -3.2177482855457986e-08
3.2100400000000000e+06 -3.2177482855457979e-08
3.2200400000000000e+06 -3.2177482855457986e-08
3.2300400000000000e+06 -3.2177482855457993e-08
3.2400400000000000e+06 -3.2177482855457999e-08
3.2500400000000000e+06 -3.2177482855457986e-08
3.2600400000000000e+06 -3.2177482855457979e-08
3.2700400000000000e+06 -3.2177482855457979e-08
3.2800400000000000e+06 -3.2177482855457999e-08
3.2900400000000000e+06 -3.2177482855458006e-08
3.3000400000000000e+06 -3.2177482855457999e-08
3.3100400000000000e+06 -3.2177482855457993e-08
3.3200400000000000e+06 -3.2177482855457973e-08
3.3300400000000000e+06 -3.2177482855457993e-08
3.3400400000000000e+06 -3.2177482855457999e-08
3.3500400000000000e+06 -3.2177482855458006e-08
3.3600400000000000e+06 -3.2177482855457979e-08
3.3700400000000000e+06 -3.2177482855457979e-08
3.3800400000000000e+06 -3.2177482855457993e-08
3.3900400000000000e+06 -3.2177482855457979e-08
3.4000400000000000e+06 -3.2177482855457993e-08
3.4100400000000000e+06 -3.2177482855457999e-08
3.4200400000000000e+06 -3.2177482855458012e-08
3.4300400000000000e+06 -3.2177482855457979e-08
3.4400400000000000e+06 -3.2177482855457986e-08
3.4500400000000000e+06 -3.2177482855457986e-08
3.4600400000000000e+06 -3.2177482855457986e-08
3.4700400000000000e+06 -3.2177482855457959e-08
3.4800400000000000e+06 -3.2177482855457993e-08
3.4900400000000000e+06 -3.2177482855457959e-08
3.5000400000000000e+06 -3.2177482855457966e-08
3.5100400000000000e+06 -3.2177482855457979e-08
3.5200400000000000e+06 -3.2177482855457973e-08
3.5300400000000000e+06 -3.2177482855457966e-08
3.5400400000000000e+06 -3.2177482855457986e-08
3.5500400000000000e+06 -3.2177482855457986e-08
3.5600400000000000e+06 -3.2177482855458006e-08
3.5700400000000000e+06 -3.2177482855457999e-08
3.5800400000000000e+06 -3.2177482855457986e-08
3.5900400000000000e+06 -3.2177482855457993e-08
3.6000400000000000e+06 -3.2177482855457986e-08
3.6100400000000000e+06 -3.2177482855457993e-08
3.6200400000000000e+06 -3.2177482855457979e-08
3.6300400000000000e+06 -3.2177482855458012e-08
3.6400400000000000e+06 -3.2177482855457993e-08
3.6500400000000000e+06 -3.2177482855457966e-08
3.6600400000000000e+06 -3.2177482855457973e-08
3.6700400000000000e+06 -3.2177482855457993e-08
3.6800400000000000e+06 -3.2177482855457973e-08
3.6900400000000000e+06 -3.2177482855458006e-08
3.7000400000000000e+06 -3.2177482855457959e-08
3.7100400000000000e+06 -3.2177482855457986e-08
3.7200400000000000e+06 -3.2177482855457973e-08
3.7300400000000000e+06 -3.2177482855457993e-08
3.7400400000000000e+06 -3.2177482855457993e-08
3.7500400000000000e+06 -3.2177482855457979e-08
3.7600400000000000e+06 -3.2177482855457953e-08
3.7700400000000000e+06 -3.2177482855457999e-08
3.7800400000000000e+06 -3.2177482855457973e-08
3.7900400000000000e+06 -3.2177482855457979e-08
3.8000400000000000e+06 -3.2177482855457999e-08
3.8100400000000000e+06 -3.2177482855458006e-08
3.8200400000000000e+06 -3.2177482855458012e-08
3.8300400000000000e+06 -3.2177482855457993e-08
3.8400400000000000e+06 -3.2177482855458006e-08
3.8500400000000000e+06 -3.2177482855457973e-08
3.8600400000000000e+06 -3.2177482855458012e-08
3.8700400000000000e+06 -3.2177482855457993e-08
3.8800400000000000e+06 -3.2177482855457999e-08
3.8900400000000000e+06 -3.2177482855457993e-08
3.9000400000000000e+06 -3.2177482855457979e-08
3.9100400000000000e+06 -3.2177482855458006e-08
3.9200400000000000e+06 -3.2177482855458012e-08
3.9300400000000000e+06 -3.2177482855458006e-08
3.9400400000000000e+06 -3.2177482855457993e-08
3.9500400000000000e+06 -3.2177482855457986e-08
3.9600400000000000e+06 -3.2177482855458006e-08
3.9700400000000000e+06 -3.2177482855457979e-08
3.9800400000000000e+06 -3.2177482855458006e-08
3.9900400000000000e+06 -3.2177482855458026e-08
4.0000400000000000e+06 -3.2177482855458006e-08
4.0100400000000000e+06 -3.2177482855457993e-08
4.0200400000000000e+06 -3.2177482855458006e-08
4.0300400000000000e+06 -3.2177482855458012e-08
4.0400400000000000e+06 -3.2177482855457999e-08
4.0500400000000000e+06 -3.2177482855458006e-08
4.0600400000000000e+06 -3.2177482855458019e-08
4.0700400000000000e+06 -3.2177482855458012e-08
4.0800400000000000e+06 -3.2177482855457999e-08
4.0900400000000000e+06 -3.2177482855458012e-08
4.1000400000000000e+06 -3.2177482855457973e-08
4.1100400000000000e+06 -3.2177482855458006e-08
4.1200400000000000e+06 -3.2177482855458006e-08
4.1300400000000000e+06 -3.2177482855457999e-08
4.1400400000000000e+06 -3.2177482855458006e-08
4.1500400000000000e+06 -3.2177482855457986e-08
4.1600400000000000e+06 -3.2177482855457986e-08
4.1700400000000000e+06 -3.2177482855457999e-08
4.1800400000000000e+06 -3.2177482855458012e-08
4.1900400000000000e+06 -3.2177482855458012e-08
4.2000400000000000e+06 -3.2177482855457999e-08
4.2100400000000000e+06 -3.2177482855458012e-08
4.2200400000000000e+06 -3.2177482855458012e-08
4.2300400000000000e+06 -3.2177482855457999e-08
4.2400400000000000e+06 -3.2177482855458032e-08
4.2500400000000000e+06 -3.2177482855458019e-08
4.2600400000000000e+06 -3.2177482855457979e-08
4.2700400000000000e+06 -3.2177482855458006e-08
4.2800400000000000e+06 -3.2177482855458019e-08
4.2900400000000000e+06 -3.2177482855458026e-08
4.3000400000000000e+06 -3.2177482855458032e-08
4.3100400000000000e+06 -3.2177482855458026e-08
4.3200400000000000e+06 -3.2177482855458006e-08
4.3300400000000000e+06 -3.2177482855458026e-08
4.3400400000000000e+06 -3.2177482855458026e-08
4.3500400000000000e+06 -3.2177482855458032e-08
4.3600400000000000e+06 -3.2177482855458012e-08
4.3700400000000000e+06 -3.2177482855458039e-08
4.3800400000000000e+06 -3.2177482855458026e-08
4.3900400000000000e+06 -3.2177482855458039e-08
4.4000400000000000e+06 -3.2177482855458032e-08
4.4100400000000000e+06 -3.2177482855458012e-08
4.4200400000000000e+06 -3.2177482855458019e-08
4.4300400000000000e+06 -3.2177482855458012e-08
4.4400400000000000e+06 -3.2177482855458026e-08
4.4500400000000000e+06 -3.2177482855458026e-08
4.4600400000000000e+06 -3.2177482855458019e-08
4.4700400000000000e+06 -3.2177482855458026e-08
4.4800400000000000e+06 -3.2177482855458059e-08
4.4900400000000000e+06 -3.2177482855458026e-08
4.5000400000000000e+06 -3.2177482855458026e-08
4.5100400000000000e+06 -3.2177482855458019e-08
4.5200400000000000e+06 -3.2177482855458019e-08
4.5300400000000000e+06 -3.2177482855458006e-08
4.5400400000000000e+06 -3.2177482855457999e-08
4.5500400000000000e+06 -3.2177482855458012e-08
4.5600400000000000e+06 -3.2177482855458019e-08
4.5700400000000000e+06 -3.2177482855458032e-08
4.5800400000000000e+06 -3.2177482855458052e-08
4.5900400000000000e+06 -3.2177482855458039e-08
4.6000400000000000e+06 -3.2177482855458032e-08
4.6100400000000000e+06 -3.2177482855458019e-08
4.6200400000000000e+06 -3.2177482855458012e-08
4.6300400000000000e+06 -3.2177482855458019e-08
4.6400400000000000e+06 -3.2177482855457993e-08
4.6500400000000000e+06 -3.2177482855458019e-08
4.6600400000000000e+06 -3.2177482855458019e-08
4.6700400000000000e+06 -3.2177482855458039e-08
4.6800400000000000e+06 -3.2177482855458012e-08
4.6900400000000000e+06 -3.2177482855458012e-08
4.7000400000000000e+06 -3.2177482855458012e-08
4.7100400000000000e+06 -3.2177482855458039e-08
4.7200400000000000e+06 -3.2177482855457986e-08
4.7300400000000000e+06 -3.2177482855457993e-08
4.7400400000000000e+06 -3.2177482855458006e-08
4.7500400000000000e+06 -3.2177482855458006e-08
4.7600400000000000e+06 -3.2177482855458006e-08
4.7700400000000000e+06 -3.2177482855458019e-08
4.7800400000000000e+06 -3.2177482855458019e-08
4.7900400000000000e+06 -3.2177482855458032e-08
4.8000400000000000e+06 -3.2177482855458019e-08
4.8100400000000000e+06 -3.2177482855458026e-08
4.8200400000000000e+06 -3.2177482855458026e-08
4.8300400000000000e+06 -3.2177482855458039e-08
4.8400400000000000e+06 -3.2177482855458026e-08
4.8500400000000000e+06 -3.2177482855458026e-08
4.8600400000000000e+06 -3.2177482855458026e-08
4.8700400000000000e+06 -3.2177482855458026e-08
4.8800400000000000e+06 -3.2177482855458006e-08
4.8900400000000000e+06 -3.2177482855458032e-08
4.9000400000000000e+06 -3.2177482855458032e-08
4.9100400000000000e+06 -3.2177482855458045e-08
4.9200400000000000e+06 -3.2177482855458039e-08
4.9300400000000000e+06 -3.2177482855458012e-08
4.9400400000000000e+06 -3.2177482855458032e-08
4.9500400000000000e+06 -3.2177482855458026e-08
4.9600400000000000e+06 -3.2177482855458012e-08
4.9700400000000000e+06 -3.2177482855458059e-08
4.9800400000000000e+06 -3.2177482855458039e-08
4.9900400000000000e+06 -3.2177482855458039e-08
5.0000400000000000e+06 -3.2177482855458019e-08
5.0100400000000000e+06 -3.2177482855458039e-08
5.0200400000000000e+06 -3.2177482855458039e-08
5.0300400000000000e+06 -3.2177482855458045e-08
5.0400400000000000e+06 -3.2177482855458045e-08
5.0500400000000000e+06 -3.2177482855458039e-08
5.0600400000000000e+06 -3.2177482855458039e-08
5.0700400000000000e+06 -3.2177482855458059e-08
5.0800400000000000e+06 -3.2177482855458026e-08
5.0900400000000000e+06 -3.2177482855458059e-08
5.1000400000000000e+06 -3.2177482855458045e-08
5.1100400000000000e+06 -3.2177482855458039e-08
5.1200400000000000e+06 -3.2177482855458026e-08
5.1300400000000000e+06 -3.2177482855458052e-08
5.1400400000000000e+06 -3.2177482855458045e-08
5.1500400000000000e+06 -3.2177482855458059e-08
5.1600400000000000e+06 -3.2177482855458045e-08
5.1700400000000000e+06 -3.2177482855458052e-08
5.1800400000000000e+06 -3.2177482855458052e-08
5.1900400000000000e+06 -3.2177482855458052e-08
5.2000400000000000e+06 -3.2177482855458045e-08
5.2100400000000000e+06 -3.2177482855458032e-08
5.2200400000000000e+06 -3.2177482855458065e-08
5.2300400000000000e+06 -3.2177482855458065e-08
5.2400400000000000e+06 -3.2177482855458045e-08
5.2500400000000000e+06 -3.2177482855458039e-08
5.2600400000000000e+06 -3.2177482855458065e-08
5.2700400000000000e+06 -3.2177482855458052e-08
5.2800400000000000e+06 -3.2177482855458059e-08
5.2900400000000000e+06 -3.2177482855458045e-08
5.3000400000000000e+06 -3.2177482855458052e-08
5.3100400000000000e+06 -3.2177482855458065e-08
5.3200400000000000e+06 -3.2177482855458032e-08
5.3300400000000000e+06 -3.2177482855458052e-08
5.3400400000000000e+06 -3.2177482855458045e-08
5.3500400000000000e+06 -3.2177482855458032e-08
5.3600400000000000e+06 -3.2177482855458026e-08
5.3700400000000000e+06 -3.2177482855458052e-08
5.3800400000000000e+06 -3.2177482855458059e-08
5.3900400000000000e+06 -3.2177482855458032e-08
5.4000400000000000e+06 -3.2177482855458006e-08
5.4100400000000000e+06 -3.2177482855458039e-08
5.4200400000000000e+06 -3.2177482855458032e-08
5.4300400000000000e+06 -3.2177482855458032e-08
5.4400400000000000e+06 -3.2177482855458039e-08
5.4500400000000000e+06 -3.2177482855458019e-08
5.4600400000000000e+06 -3.2177482855458032e-08
5.4700400000000000e+06 -3.2177482855458019e-08
5.4800400000000000e+06 -3.2177482855458026e-08
5.4900400000000000e+06 -3.2177482855458019e-08
5.5000400000000000e+06 -3.2177482855458012e-08
5.5100400000000000e+06 -3.2177482855458026e-08
5.5200400000000000e+06 -3.2177482855458019e-08
5.5300400000000000e+06 -3.2177482855458045e-08
5.5400400000000000e+06 -3.2177482855458019e-08
5.5500400000000000e+06 -3.2177482855457993e-08
5.5600400000000000e+06 -3.2177482855458032e-08
5.5700400000000000e+06 -3.2177482855458026e-08
5.5800400000000000e+06 -3.2177482855458026e-08
5.5900400000000000e+06 -3.2177482855458006e-08
5.6000400000000000e+06 -3.2177482855458019e-08
5.6100400000000000e+06 -3.2177482855458052e-08
5.6200400000000000e+06 -3.2177482855458045e-08
5.6300400000000000e+06 -3.2177482855458026e-08
5.6400400000000000e+06 -3.2177482855458012e-08
5.6500400000000000e+06 -3.2177482855458052e-08
5.6600400000000000e+06 -3.2177482855458019e-08
5.6700400000000000e+06 -3.2177482855458032e-08
5.6800400000000000e+06 -3.2177482855458052e-08
5.6900400000000000e+06 -3.2177482855458045e-08
5.7000400000000000e+06 -3.2177482855458019e-08
5.7100400000000000e+06 -3.2177482855458045e-08
5.7200400000000000e+06 -3.2177482855458059e-08
5.7300400000000000e+06 -3.2177482855458065e-08
5.7400400000000000e+06 -3.2177482855458052e-08
5.7500400000000000e+06 -3.2177482855458019e-08
5.7600400000000000e+06 -3.2177482855458065e-08
5.7700400000000000e+06 -3.2177482855458072e-08
5.7800400000000000e+06 -3.2177482855458039e-08
5.7900400000000000e+06 -3.2177482855458032e-08
5.8000400000000000e+06 -3.2177482855458045e-08
5.8100400000000000e+06 -3.2177482855458045e-08
5.8200400000000000e+06 -3.2177482855458045e-08
5.8300400000000000e+06 -3.2177482855458059e-08
5.8400400000000000e+06 -3.2177482855458059e-08
5.8500400000000000e+06 -3.2177482855458079e-08
5.8600400000000000e+06 -3.2177482855458059e-08
5.8700400000000000e+06 -3.2177482855458052e-08
5.8800400000000000e+06 -3.2177482855458045e-08
5.8900400000000000e+06 -3.2177482855458052e-08
5.9000400000000000e+06 -3.2177482855458039e-08
5.9100400000000000e+06 -3.2177482855458052e-08
5.9200400000000000e+06 -3.2177482855458065e-08
5.9300400000000000e+06 -3.2177482855458039e-08
5.9400400000000000e+06 -3.2177482855458052e-08
5.9500400000000000e+06 -3.2177482855458032e-08
5.9600400000000000e+06 -3.2177482855458039e-08
5.9700400000000000e+06 -3.2177482855458065e-08
5.9800400000000000e+06 -3.2177482855458052e-08
5.9900400000000000e+06 -3.2177482855458059e-08
6.0000400000000000e+06 -3.2177482855458059e-08
6.0100400000000000e+06 -3.2177482855458039e-08
6.0200400000000000e+06 -3.2177482855458045e-08
6.0300400000000000e+06 -3.2177482855458032e-08
6.0400400000000000e+06 -3.2177482855458045e-08
6.0500400000000000e+06 -3.2177482855458032e-08
6.0600400000000000e+06 -3.2177482855458039e-08
6.0700400000000000e+06 -3.2177482855458039e-08
6.0800400000000000e+06 -3.2177482855458026e-08
6.0900400000000000e+06 -3.2177482855458052e-08
6.1000400000000000e+06 -3.2177482855458006e-08
6.1100400000000000e+06 -3.2177482855458012e-08
6.1200400000000000e+06 -3.2177482855458045e-08
6.1300400000000000e+06 -3.2177482855458032e-08
6.1400400000000000e+06 -3.2177482855458045e-08
6.1500400000000000e+06 -3.2177482855458032e-08
6.1600400000000000e+06 -3.2177482855458006e-08
6.1700400000000000e+06 -3.2177482855458026e-08
6.1800400000000000e+06 -3.2177482855458006e-08
6.1900400000000000e+06 -3.2177482855458019e-08
6.2000400000000000e+06 -3.2177482855458019e-08
6.2100400000000000e+06 -3.2177482855458039e-08
6.2200400000000000e+06 -3.2177482855458006e-08
6.2300400000000000e+06 -3.2177482855457999e-08
6.2400400000000000e+06 -3.2177482855457986e-08
6.2500400000000000e+06 -3.2177482855457999e-08
6.2600400000000000e+06 -3.2177482855457999e-08
6.2700400000000000e+06 -3.2177482855458006e-08
6.2800400000000000e+06 -3.2177482855457973e-08
6.2900400000000000e+06 -3.2177482855457999e-08
6.3000400000000000e+06 -3.2177482855458006e-08
6.3100400000000000e+06 -3.2177482855458039e-08
6.3200400000000000e+06 -3.2177482855458006e-08
6.3300400000000000e+06 -3.2177482855458019e-08
6.3400400000000000e+06 -3.2177482855458019e-08
6.3500400000000000e+06 -3.2177482855457999e-08
6.3600400000000000e+06 -3.2177482855458012e-08
6.3700400000000000e+06 -3.2177482855458006e-08
6.3800400000000000e+06 -3.2177482855458026e-08
6.3900400000000000e+06 -3.2177482855458019e-08
6.4000400000000000e+06 -3.2177482855458012e-08
6.4100400000000000e+06 -3.2177482855457986e-08
6.4200400000000000e+06 -3.2177482855457999e-08
6.4300400000000000e+06 -3.2177482855457999e-08
6.4400400000000000e+06 -3.2177482855458032e-08
6.4500400000000000e+06 -3.2177482855457993e-08
6.4600400000000000e+06 -3.2177482855458019e-08
6.4700400000000000e+06 -3.2177482855458026e-08
6.4800400000000000e+06 -3.2177482855458019e-08
6.4900400000000000e+06 -3.2177482855458026e-08
6.5000400000000000e+06 -3.2177482855458006e-08
6.5100400000000000e+06 -3.2177482855458026e-08
6.5200400000000000e+06 -3.2177482855458039e-08
6.5300400000000000e+06 -3.2177482855458019e-08
6.5400400000000000e+06 -3.2177482855458026e-08
6.5500400000000000e+06 -3.2177482855458039e-08
6.5600400000000000e+06 -3.2177482855458045e-08
6.5700400000000000e+06 -3.2177482855458006e-08
6.5800400000000000e+06 -3.2177482855458026e-08
6.5900400000000000e+06 -3.2177482855458012e-08
6.6000400000000000e+06 -3.2177482855458039e-08
6.6100400000000000e+06 -3.2177482855458032e-08
6.6200400000000000e+06 -3.2177482855458032e-08
6.6300400000000000e+06 -3.2177482855458019e-08
6.6400400000000000e+06 -3.2177482855458039e-08
6.6500400000000000e+06 -3.2177482855458039e-08
6.6600400000000000e+06 -3.2177482855458072e-08
6.6700400000000000e+06 -3.2177482855458032e-08
6.6800400000000000e+06 -3.2177482855458019e-08
6.6900400000000000e+06 -3.2177482855458052e-08
6.7000400000000000e+06 -3.2177482855458019e-08
6.7100400000000000e+06 -3.2177482855458032e-08
6.7200400000000000e+06 -3.2177482855458019e-08
6.7300400000000000e+06 -3.2177482855458019e-08
6.7400400000000000e+06 -3.2177482855458019e-08
6.7500400000000000e+06 -3.2177482855458012e-08
6.7600400000000000e+06 -3.2177482855458039e-08
6.7700400000000000e+06 -3.2177482855458039e-08
6.7800400000000000e+06 -3.2177482855458032e-08
6.7900400000000000e+06 -3.2177482855458012e-08
6.8000400000000000e+06 -3.2177482855458012e-08
6.8100400000000000e+06 -3.2177482855458026e-08
6.8200400000000000e+06 -3.2177482855457986e-08
6.8300400000000000e+06 -3.2177482855458019e-08
6.8400400000000000e+06 -3.2177482855458012e-08
6.8500400000000000e+06 -3.2177482855458059e-08
6.8600400000000000e+06 -3.2177482855458012e-08
6.8700400000000000e+06 -3.2177482855457999e-08
6.8800400000000000e+06 -3.2177482855458026e-08
6.8900400000000000e+06 -3.2177482855458012e-08
6.9000400000000000e+06 -3.2177482855458012e-08
6.9100400000000000e+06 -3.2177482855457986e-08
6.9200400000000000e+06 -3.2177482855457999e-08
6.9300400000000000e+06 -3.2177482855458006e-08
6.9400400000000000e+06 -3.2177482855458012e-08
6.9500400000000000e+06 -3.2177482855458006e-08
6.9600400000000000e+06 -3.2177482855458012e-08
6.9700400000000000e+06 -3.2177482855458012e-08
6.9800400000000000e+06 -3.2177482855457979e-08
6.9900400000000000e+06 -3.2177482855457999e-08
7.0000400000000000e+06 -3.2177482855458026e-08
7.0100400000000000e+06 -3.2177482855457993e-08
7.0200400000000000e+06 -3.2177482855458006e-08
7.0300400000000000e+06 -3.2177482855457993e-08
7.0400400000000000e+06 -3.2177482855458019e-08
7.0500400000000000e+06 -3.2177482855458006e-08
7.0600400000000000e+06 -3.2177482855457999e-08
7.0700400000000000e+06 -3.2177482855458006e-08
7.0800400000000000e+06 -3.2177482855458006e-08
7.0900400000000000e+06 -3.2177482855458019e-08
7.1000400000000000e+06 -3.2177482855457993e-08
7.1100400000000000e+06 -3.2177482855457986e-08
7.1200400000000000e+06 -3.2177482855458006e-08
7.1300400000000000e+06 -3.2177482855457993e-08
7.1400400000000000e+06 -3.2177482855457999e-08
7.1500400000000000e+06 -3.2177482855458019e-08
7.1600400000000000e+06 -3.2177482855458006e-08
7.1700400000000000e+06 -3.2177482855457993e-08
7.1800400000000000e+06 -3.2177482855457979e-08
7.1900400000000000e+06 -3.2177482855457999e-08
7.2000400000000000e+06 -3.2177482855457999e-08
7.2100400000000000e+06 -3.2177482855458006e-08
7.2200400000000000e+06 -3.2177482855457973e-08
7.2300400000000000e+06 -3.2177482855457999e-08
7.2400400000000000e+06 -3.2177482855457986e-08
7.2500400000000000e+06 -3.2177482855457999e-08
7.2600400000000000e+06 -3.2177482855457986e-08
7.2700400000000000e+06 -3.2177482855457986e-08
7.2800400000000000e+06 -3.2177482855457979e-08
7.2900400000000000e+06 -3.2177482855457979e-08
7.3000400000000000e+06 -3.2177482855457973e-08
7.3100400000000000e+06 -3.2177482855457973e-08
7.3200400000000000e+06 -3.2177482855457959e-08
7.3300400000000000e+06 -3.2177482855457986e-08
7.3400400000000000e+06 -3.2177482855457999e-08
7.3500400000000000e+06 -3.2177482855457973e-08
7.3600400000000000e+06 -3.2177482855457993e-08
7.3700400000000000e+06 -3.2177482855457986e-08
7.3800400000000000e+06 -3.2177482855457993e-08
7.3900400000000000e+06 -3.2177482855458006e-08
7.4000400000000000e+06 -3.2177482855457973e-08
7.4100400000000000e+06 -3.2177482855457959e-08
7.4200400000000000e+06 -3.2177482855457966e-08
7.4300400000000000e+06 -3.2177482855457973e-08
7.4400400000000000e+06 -3.2177482855457993e-08
7.4500400000000000e+06 -3.2177482855457959e-08
7.4600400000000000e+06 -3.2177482855457953e-08
7.4700400000000000e+06 -3.2177482855457966e-08
7.4800400000000000e+06 -3.2177482855457946e-08
7.4900400000000000e+06 -3.2177482855457973e-08
7.5000400000000000e+06 -3.2177482855457953e-08
7.5100400000000000e+06 -3.2177482855457953e-08
7.5200400000000000e+06 -3.2177482855457946e-08
7.5300400000000000e+06 -3.2177482855457973e-08
7.5400400000000000e+06 -3.2177482855457946e-08
7.5500400000000000e+06 -3.2177482855457946e-08
7.5600400000000000e+06 -3.2177482855457966e-08
7.5700400000000000e+06 -3.2177482855457966e-08
7.5800400000000000e+06 -3.2177482855457946e-08
7.5900400000000000e+06 -3.2177482855457933e-08
7.6000400000000000e+06 -3.2177482855457966e-08
7.6100400000000000e+06 -3.2177482855457959e-08
7.6200400000000000e+06 -3.2177482855457966e-08
7.6300400000000000e+06 -3.2177482855457953e-08
7.6400400000000000e+06 -3.2177482855457959e-08
7.6500400000000000e+06 -3.2177482855457959e-08
7.6600400000000000e+06 -3.2177482855457959e-08
7.6700400000000000e+06 -3.2177482855457953e-08
7.6800400000000000e+06 -3.2177482855457953e-08
7.6900400000000000e+06 -3.2177482855457946e-08
7.7000400000000000e+06 -3.2177482855457959e-08
7.7100400000000000e+06 -3.2177482855457973e-08
7.7200400000000000e+06 -3.2177482855457966e-08
7.7300400000000000e+06 -3.2177482855457986e-08
7.7400400000000000e+06 -3.2177482855457959e-08
7.7500400000000000e+06 -3.2177482855457999e-08
7.7600400000000000e+06 -3.2177482855457959e-08
7.7700400000000000e+06 -3.2177482855457973e-08
7.7800400000000000e+06 -3.2177482855457973e-08
7.7900400000000000e+06 -3.2177482855457979e-08
7.8000400000000000e+06 -3.2177482855457979e-08
7.8100400000000000e+06 -3.2177482855457940e-08
7.8200400000000000e+06 -3.2177482855457979e-08
7.8300400000000000e+06 -3.2177482855457966e-08
7.8400400000000000e+06 -3.2177482855457959e-08
7.8500400000000000e+06 -3.2177482855457959e-08
7.8600400000000000e+06 -3.2177482855457979e-08
7.8700400000000000e+06 -3.2177482855457959e-08
7.8800400000000000e+06 -3.2177482855457946e-08
7.8900400000000000e+06 -3.2177482855457953e-08
7.9000400000000000e+06 -3.2177482855457940e-08
7.9100400000000000e+06 -3.2177482855457940e-08
7.9200400000000000e+06 -3.2177482855457966e-08
7.9300400000000000e+06 -3.2177482855457966e-08
7.9400400000000000e+06 -3.2177482855457959e-08
7.9500400000000000e+06 -3.2177482855457959e-08
7.9600400000000000e+06 -3.2177482855457946e-08
7.9700400000000000e+06 -3.2177482855457973e-08
7.9800400000000000e+06 -3.2177482855457959e-08
7.9900400000000000e+06 -3.2177482855457959e-08
8.0000400000000000e+06 -3.2177482855457986e-08
8.0100400000000000e+06 -3.2177482855457979e-08
8.0200400000000000e+06 -3.2177482855457953e-08
8.0300400000000000e+06 -3.2177482855457946e-08
8.0400400000000000e+06 -3.2177482855457973e-08
8.0500400000000000e+06 -3.2177482855457959e-08
8.0600400000000000e+06 -3.2177482855457946e-08
8.0700400000000000e+06 -3.2177482855457973e-08
8.0800400000000000e+06 -3.2177482855457959e-08
8.0900400000000000e+06 -3.2177482855457979e-08
8.1000400000000000e+06 -3.2177482855457959e-08
8.1100400000000000e+06 -3.2177482855457966e-08
8.1200400000000000e+06 -3.2177482855457953e-08
8.1300400000000000e+06 -3.2177482855457953e-08
8.1400400000000000e+06 -3.2177482855457973e-08
8.1500400000000000e+06 -3.2177482855457953e-08
8.1600400000000000e+06 -3.2177482855457966e-08
8.1700400000000000e+06 -3.2177482855457959e-08
8.1800400000000000e+06 -3.2177482855457999e-08
8.1900400000000000e+06 -3.2177482855457946e-08
8.2000400000000000e+06 -3.2177482855457953e-08
8.2100400000000000e+06 -3.2177482855457966e-08
8.2200400000000000e+06 -3.2177482855457940e-08
8.2300400000000000e+06 -3.2177482855457959e-08
8.2400400000000000e+06 -3.2177482855457959e-08
8.2500400000000000e+06 -3.2177482855457973e-08
8.2600400000000000e+06 -3.2177482855457986e-08
8.2700400000000000e+06 -3.2177482855457979e-08
8.2800400000000000e+06 -3.2177482855457966e-08
8.2900400000000000e+06 -3.2177482855457979e-08
8.3000400000000000e+06 -3.2177482855457999e-08
8.3100400000000000e+06 -3.2177482855457979e-08
8.3200400000000000e+06 -3.2177482855458006e-08
8.3300400000000000e+06 -3.2177482855458012e-08
8.3400400000000000e+06 -3.2177482855457959e-08
8.3500400000000000e+06 -3.2177482855457979e-08
8.3600400000000000e+06 -3.2177482855457986e-08
8.3700400000000000e+06 -3.2177482855457986e-08
8.3800400000000000e+06 -3.2177482855457973e-08
8.3900400000000000e+06 -3.2177482855457979e-08
8.4000400000000000e+06 -3.2177482855457986e-08
8.4100400000000000e+06 -3.2177482855457959e-08
8.4200400000000000e+06 -3.2177482855457959e-08
8.4300400000000000e+06 -3.2177482855457986e-08
8.4400400000000000e+06 -3.2177482855458006e-08
8.4500400000000000e+06 -3.2177482855457959e-08
8.4600400000000000e+06 -3.2177482855457953e-08
8.4700400000000000e+06 -3.2177482855457979e-08
8.4800400000000000e+06 -3.2177482855457993e-08
8.4900400000000000e+06 -3.2177482855457966e-08
8.5000400000000000e+06 -3.2177482855457966e-08
8.5100400000000000e+06 -3.2177482855457999e-08
8.5200400000000000e+06 -3.2177482855457986e-08
8.5300400000000000e+06 -3.2177482855457959e-08
8.5400400000000000e+06 -3.2177482855457973e-08
8.5500400000000000e+06 -3.2177482855457986e-08
8.5600400000000000e+06 -3.2177482855457966e-08
8.5700400000000000e+06 -3.2177482855457966e-08
8.5800400000000000e+06 -3.2177482855457966e-08
8.5900400000000000e+06 -3.2177482855457953e-08
8.6000400000000000e+06 -3.2177482855457959e-08
8.6100400000000000e+06 -3.2177482855457973e-08
8.6200400000000000e+06 -3.2177482855457953e-08
8.6300400000000000e+06 -3.2177482855457959e-08
8.6400400000000000e+06 -3.2177482855457953e-08
8.6500400000000000e+06 -3.2177482855457946e-08
8.6600400000000000e+06 -3.2177482855457973e-08
8.6700400000000000e+06 -3.2177482855457973e-08
8.6800400000000000e+06 -3.2177482855457973e-08
8.6900400000000000e+06 -3.2177482855457979e-08
8.7000400000000000e+06 -3.2177482855457999e-08
8.7100400000000000e+06 -3.2177482855457959e-08
8.7200400000000000e+06 -3.2177482855457979e-08
8.7300400000000000e+06 -3.2177482855457979e-08
8.7400400000000000e+06 -3.2177482855457973e-08
8.7500400000000000e+06 -3.2177482855457979e-08
8.7600400000000000e+06 -3.2177482855457953e-08
8.7700400000000000e+06 -3.2177482855457979e-08
8.7800400000000000e+06 -3.2177482855457959e-08
8.7900400000000000e+06 -3.2177482855457979e-08
8.8000400000000000e+06 -3.2177482855457966e-08
8.8100400000000000e+06 -3.2177482855457979e-08
8.8200400000000000e+06 -3.2177482855457999e-08
8.8300400000000000e+06 -3.2177482855458006e-08
8.8400400000000000e+06 -3.2177482855457986e-08
8.8500400000000000e+06 -3.2177482855457986e-08
8.8600400000000000e+06 -3.2177482855457979e-08
8.8700400000000000e+06 -3.2177482855457993e-08
8.8800400000000000e+06 -3.2177482855457973e-08
8.8900400000000000e+06 -3.2177482855457986e-08
8.9000400000000000e+06 -3.2177482855457986e-08
8.9100400000000000e+06 -3.2177482855457966e-08
8.9200400000000000e+06 -3.2177482855457973e-08
8.9300400000000000e+06 -3.2177482855457979e-08
8.9400400000000000e+06 -3.2177482855457966e-08
8.9500400000000000e+06 -3.2177482855457959e-08
8.9600400000000000e+06 -3.2177482855457973e-08
8.9700400000000000e+06 -3.2177482855457993e-08
8.9800400000000000e+06 -3.2177482855457973e-08
8.9900400000000000e+06 -3.2177482855458012e-08
9.0000400000000000e+06 -3.2177482855457986e-08
9.0100400000000000e+06 -3.2177482855457999e-08
9.0200400000000000e+06 -3.2177482855457966e-08
9.0300400000000000e+06 -3.2177482855458012e-08
9.0400400000000000e+06 -3.2177482855458006e-08
9.0500400000000000e+06 -3.2177482855458006e-08
9.0600400000000000e+06 -3.2177482855458006e-08
9.0700400000000000e+06 -3.2177482855457979e-08
9.0800400000000000e+06 -3.2177482855457986e-08
9.0900400000000000e+06 -3.2177482855457979e-08
9.1000400000000000e+06 -3.2177482855457973e-08
9.1100400000000000e+06 -3.2177482855457999e-08
9.1200400000000000e+06 -3.2177482855457986e-08
9.1300400000000000e+06 -3.2177482855457999e-08
9.1400400000000000e+06 -3.2177482855457999e-08
9.1500400000000000e+06 -3.2177482855457999e-08
9.1600400000000000e+06 -3.2177482855457986e-08
9.1700400000000000e+06 -3.2177482855457979e-08
9.1800400000000000e+06 -3.2177482855457999e-08
9.1900400000000000e+06 -3.2177482855457993e-08
9.2000400000000000e+06 -3.2177482855457993e-08
9.2100400000000000e+06 -3.2177482855458006e-08
9.2200400000000000e+06 -3.2177482855458019e-08
9.2300400000000000e+06 -3.2177482855458012e-08
9.2400400000000000e+06 -3.2177482855457986e-08
9.2500400000000000e+06 -3.2177482855457986e-08
9.2600400000000000e+06 -3.2177482855457986e-08
9.2700400000000000e+06 -3.2177482855457973e-08
9.2800400000000000e+06 -3.2177482855457999e-08
9.2900400000000000e+06 -3.2177482855457993e-08
9.3000400000000000e+06 -3.2177482855457999e-08
9.3100400000000000e+06 -3.2177482855457986e-08
9.3200400000000000e+06 -3.2177482855457999e-08
9.3300400000000000e+06 -3.2177482855457979e-08
9.3400400000000000e+06 -3.2177482855457986e-08
9.3500400000000000e+06 -3.2177482855458006e-08
9.3600400000000000e+06 -3.2177482855457993e-08
9.3700400000000000e+06 -3.2177482855457966e-08
9.3800400000000000e+06 -3.2177482855457993e-08
9.3900400000000000e+06 -3.2177482855457993e-08
9.4000400000000000e+06 -3.2177482855457979e-08
9.4100400000000000e+06 -3.2177482855457973e-08
9.4200400000000000e+06 -3.2177482855457973e-08
9.4300400000000000e+06 -3.2177482855457999e-08
9.4400400000000000e+06 -3.2177482855458006e-08
9.4500400000000000e+06 -3.2177482855457986e-08
9.4600400000000000e+06 -3.2177482855457993e-08
9.4700400000000000e+06 -3.2177482855457999e-08
9.4800400000000000e+06 -3.2177482855457979e-08
9.4900400000000000e+06 -3.2177482855457993e-08
9.5000400000000000e+06 -3.2177482855457999e-08
9.5100400000000000e+06 -3.2177482855458006e-08
9.5200400000000000e+06 -3.2177482855457959e-08
9.5300400000000000e+06 -3.2177482855457993e-08
9.5400400000000000e+06 -3.2177482855457966e-08
9.5500400000000000e+06 -3.2177482855457973e-08
9.5600400000000000e+06 -3.2177482855457973e-08
9.5700400000000000e+06 -3.2177482855457973e-08
9.5800400000000000e+06 -3.2177482855457979e-08
9.5900400000000000e+06 -3.2177482855457953e-08
9.6000400000000000e+06 -3.2177482855457959e-08
9.6100400000000000e+06 -3.2177482855457979e-08
9.6200400000000000e+06 -3.2177482855457953e-08
9.6300400000000000e+06 -3.2177482855457973e-08
9.6400400000000000e+06 -3.2177482855457966e-08
9.6500400000000000e+06 -3.2177482855457953e-08
9.6600400000000000e+06 -3.2177482855457959e-08
9.6700400000000000e+06 -3.2177482855457966e-08
9.6800400000000000e+06 -3.2177482855457953e-08
9.6900400000000000e+06 -3.2177482855457953e-08
9.7000400000000000e+06 -3.2177482855457959e-08
9.7100400000000000e+06 -3.2177482855457953e-08
9.7200400000000000e+06 -3.2177482855457999e-08
9.7300400000000000e+06 -3.2177482855457973e-08
9.7400400000000000e+06 -3.2177482855457966e-08
9.7500400000000000e+06 -3.2177482855457959e-08
9.7600400000000000e+06 -3.2177482855457959e-08
9.7700400000000000e+06 -3.2177482855457973e-08
9.7800400000000000e+06 -3.2177482855457973e-08
9.7900400000000000e+06 -3.2177482855457993e-08
9.8000400000000000e+06 -3.2177482855457979e-08
9.8100400000000000e+06 -3.2177482855457973e-08
9.8200400000000000e+06 -3.2177482855457979e-08
9.8300400000000000e+06 -3.2177482855457993e-08
9.8400400000000000e+06 -3.2177482855457979e-08
9.8500400000000000e+06 -3.2177482855457940e-08
9.8600400000000000e+06 -3.2177482855457966e-08
9.8700400000000000e+06 -3.2177482855457973e-08
9.8800400000000000e+06 -3.2177482855457986e-08
9.8900400000000000e+06 -3.2177482855457986e-08
9.9000400000000000e+06 -3.2177482855457973e-08
9.9100400000000000e+06 -3.2177482855457979e-08
9.9200400000000000e+06 -3.2177482855457979e-08
9.9300400000000000e+06 -3.2177482855457959e-08
9.9400400000000000e+06 -3.2177482855457973e-08
9.9500400000000000e+06 -3.2177482855457966e-08
9.9600400000000000e+06 -3.2177482855457979e-08
9.9700400000000000e+06 -3.2177482855457959e-08
9.9800400000000000e+06 -3.2177482855457973e-08
9.9900400000000000e+06 -3.2177482855457959e-08
